23
64 65280 4 534 18 544 163 543 164 543 165 543 167 543 168 543 168 543 170 543 172 543 176 543 178 543 181 543 183 543 187 543 189 543 192 543 194 543 198 543 200 543 203 543 205 543 209 543 211 543 213 544 216 544 217 545 219 545 220 545 221 545 222 545 223 545 224 546 227 546 228 546 229 546 231 546 231 546 232 546 233 547 235 547 236 547 237 547 238 547 239 547 240 547 241 547 242 547 243 547 243 547 244 547 245 547 246 547 247 547 248 547 249 547 250 547 251 547 252 547 253 547 254 547 254 547 255 547 256 547 257 547 258
57 65280 4 539 19 556 164 555 165 556 167 556 167 556 168 557 170 557 172 557 174 557 178 557 180 557 183 557 187 557 190 557 194 557 197 557 200 557 204 557 207 557 211 557 213 557 214 557 216 557 218 557 220 557 222 557 223 557 223 557 224 557 226 557 228 557 229 557 231 557 233 557 234 557 235 557 236 557 237 557 238 557 239 557 240 557 241 557 241 557 242 557 243 557 244 557 245 557 246 557 247 557 248 558 250 558 251 558 252 559 253 560 253 561 254 561 255 560 256
63 65280 4 544 20 570 164 571 165 571 166 571 168 571 170 571 171 571 174 571 177 571 181 571 184 571 187 571 191 571 194 571 196 571 200 571 202 571 204 571 206 571 207 571 208 571 209 571 209 571 210 571 211 571 212 571 213 571 214 571 215 571 216 571 218 571 220 571 222 571 223 571 225 571 226 571 228 571 230 571 230 571 231 571 232 571 234 571 235 571 236 571 237 571 239 571 240 571 241 571 242 571 243 571 243 571 244 571 245 571 246 571 247 571 248 571 249 571 250 571 251 571 252 571 253 571 253 571 254 571 255
74 65280 4 549 21 584 167 585 169 585 170 585 171 586 173 586 174 586 175 586 178 586 180 586 182 587 184 587 185 587 187 587 189 588 192 589 193 589 195 590 197 590 198 590 199 590 200 590 201 590 202 590 203 590 204 590 206 590 206 590 207 590 208 590 210 590 211 594 213 595 214 595 215 595 216 595 218 595 220 595 221 595 222 595 223 595 225 595 225 595 226 595 227 595 229 595 230 595 231 595 232 595 234 595 235 595 236 595 237 595 238 595 238 595 239 595 240 595 241 595 242 595 243 595 244 595 245 594 247 594 248 593 249 592 250 591 250 590 250 589 250 588 251 587 251 586 252 585 253 585 254 584 255
92 65280 4 554 22 593 161 594 161 595 162 596 163 597 164 597 164 597 165 598 167 599 168 600 170 600 171 600 173 601 175 601 176 601 177 601 178 601 179 601 180 602 182 602 183 602 184 602 185 602 186 602 187 602 188 602 189 602 190 602 191 602 192 602 193 602 194 602 195 602 197 602 198 602 198 602 200 602 202 602 203 602 204 602 206 602 208 602 209 602 211 602 212 602 213 602 214 602 215 602 216 602 217 602 217 602 218 602 219 602 220 602 221 602 222 603 224 604 225 604 226 604 227 604 228 604 229 604 230 604 230 604 231 604 232 604 233 604 234 604 235 604 236 604 237 604 238 604 239 604 240 604 240 603 242 603 243 603 244 602 245 602 246 602 247 602 248 602 249 602 250 602 251 601 252 600 252 600 253 600 254 600 255 599 257 599 258 599 259
65 65280 4 559 23 610 166 611 166 611 166 612 166 614 167 615 168 615 169 616 172 618 175 619 177 620 181 620 182 620 183 620 185 621 188 621 190 621 192 621 193 621 195 621 196 621 197 621 198 621 199 621 201 621 203 621 204 620 208 620 209 620 211 619 214 619 215 619 217 618 219 618 220 618 222 617 224 617 225 617 226 617 227 616 229 615 230 615 231 615 232 615 233 615 234 614 236 614 237 614 238 614 238 614 239 614 240 614 241 614 242 614 243 614 244 614 245 613 246 613 247 613 248 613 248 613 249 612 250 612 251 612 252 612 253
78 65280 4 564 24 624 165 625 166 626 167 627 169 628 170 629 170 630 171 631 173 631 174 632 176 633 177 634 179 635 181 636 185 636 186 637 188 638 190 639 191 639 192 639 193 639 195 639 196 639 197 639 197 639 198 640 201 640 204 640 204 640 205 640 206 640 207 640 208 640 209 640 211 640 213 640 214 640 215 640 216 640 217 640 217 640 218 640 219 640 220 640 222 640 223 640 224 640 225 640 227 640 228 640 229 639 230 639 230 639 231 638 233 638 234 637 235 636 236 635 238 634 239 632 240 632 241 632 242 632 243 631 244 630 245 629 245 628 246 628 247 627 248 626 249 625 250 624 251 623 252 623 253 623 254 623 255 623 256 622 256
48 255 4 204 25 637 163 638 163 639 164 640 164 641 165 641 166 642 168 642 169 642 171 642 172 643 175 643 176 643 177 643 178 644 181 644 182 644 183 644 184 644 186 645 188 646 189 646 190 646 191 646 191 647 193 647 194 647 195 647 196 648 198 648 199 649 200 649 201 649 202 649 203 650 204 651 205 652 206 652 206 653 207 653 208 652 210 651 211 650 212 649 213 648 213 647 214 647 215 647 216
84 32768 4 512 535 478 298 479 297 479 296 479 295 479 294 479 293 479 292 479 291 479 290 479 290 479 289 479 288 479 287 479 286 479 285 479 284 480 282 480 281 480 280 481 278 481 277 481 276 482 274 482 274 483 273 484 271 485 270 486 269 487 268 488 267 490 266 491 266 492 266 493 266 494 266 496 265 497 264 499 264 499 264 500 264 501 264 502 264 503 264 504 264 505 264 506 264 507 264 508 264 509 264 509 264 510 264 511 264 512 264 513 264 514 264 515 264 516 264 517 264 518 264 519 264 519 264 520 264 521 264 522 264 523 264 524 265 525 265 526 265 527 265 528 265 530 266 531 266 533 267 533 268 534 269 535 269 536 269 537 269 538 270 539 270 540 271 541 271 542 271 543 271
87 32768 4 517 540 489 295 489 294 489 293 489 292 489 291 489 290 489 290 489 289 490 287 490 286 491 285 492 284 493 283 495 282 496 282 497 281 498 281 499 281 500 281 502 280 503 280 504 280 506 279 506 278 508 277 509 277 510 277 511 277 512 277 513 277 514 277 515 277 516 277 517 277 518 277 518 277 519 277 520 277 521 277 522 277 523 277 524 277 525 277 526 277 528 278 529 278 530 278 530 278 532 279 533 279 534 279 535 279 536 279 537 279 538 280 539 280 540 280 541 280 542 280 542 280 543 281 544 282 545 282 546 282 547 282 548 282 549 282 550 282 552 283 553 283 554 283 555 283 555 282 555 281 556 280 556 279 556 278 556 277 556 277 556 276 556 275 557 273 557 272 557 271 557 270 557 269 557 268
68 32768 4 522 546 506 295 507 293 508 291 509 290 510 288 511 285 511 285 511 284 511 282 511 281 511 280 511 279 512 278 512 278 513 278 514 277 515 277 516 277 517 277 518 277 519 277 520 277 521 277 522 277 522 277 523 277 524 277 525 277 526 277 527 277 528 277 529 277 530 277 531 277 532 277 533 277 533 277 535 278 536 279 538 280 539 281 540 281 541 281 543 282 544 282 546 283 547 284 549 285 550 285 552 286 553 286 554 286 556 287 557 287 557 288 558 289 559 290 560 290 561 290 562 290 563 289 565 287 566 284 567 284 567 283 568 282 569 282 570 281
84 32768 4 527 550 582 271 583 270 584 271 584 272 584 273 584 273 584 274 584 275 584 276 584 277 584 278 584 279 583 281 583 282 582 283 581 284 580 284 579 285 578 285 577 286 577 286 576 286 575 286 574 286 573 287 572 287 571 288 570 288 569 288 568 289 567 289 567 289 565 290 564 290 563 290 562 290 561 290 560 290 559 290 557 291 556 292 555 292 554 292 553 292 553 292 552 292 551 293 550 293 549 293 548 293 547 293 546 293 545 293 544 293 543 293 543 293 542 293 541 293 540 293 539 293 538 293 536 293 535 293 533 292 532 292 531 292 530 292 530 292 529 292 528 291 527 291 526 291 525 291 524 291 522 290 521 290 520 290 519 290 518 290 517 290 517 290 516 290 515 290 514 290
70 32768 4 532 555 534 291 534 291 535 291 536 291 537 291 538 291 539 291 540 291 541 291 542 291 543 291 544 291 544 291 545 291 546 291 548 291 549 291 551 291 553 289 554 289 556 289 557 289 559 288 561 288 562 288 563 288 564 288 566 288 567 288 568 288 568 288 569 288 570 288 571 288 572 288 573 288 574 288 575 288 576 288 577 288 578 288 578 288 579 288 580 288 581 288 582 288 583 287 584 287 585 287 586 287 588 286 589 286 590 286 590 286 591 285 591 284 592 283 593 279 593 278 593 277 593 276 593 275 594 274 595 273 595 272 595 271 595 270 595 269 595 269 596 268
91 32768 4 502 560 453 293 454 292 456 291 457 291 458 291 460 291 462 290 463 290 465 290 467 290 470 289 471 289 474 289 477 289 480 289 482 289 485 289 489 289 492 289 494 289 499 288 501 287 502 287 504 287 505 287 506 287 508 287 509 287 510 287 511 287 513 287 515 287 516 287 518 287 520 287 523 287 525 287 528 287 530 287 534 287 536 287 538 287 540 287 545 288 546 288 550 289 551 289 555 290 558 291 558 291 562 292 562 292 566 292 568 292 570 292 572 292 574 292 576 292 578 292 579 292 582 291 583 291 587 290 588 290 591 289 592 289 593 289 594 289 596 289 597 289 599 288 600 287 601 286 601 285 602 284 603 283 603 283 604 282 604 281 604 280 604 279 604 278 604 277 605 276 605 275 605 274 605 273 606 272 607 272 608 272 609 271
127 32768 4 507 565 465 298 464 297 464 296 464 295 463 293 463 292 463 291 463 290 463 289 463 288 463 287 463 286 463 285 463 284 463 283 463 282 463 281 463 280 463 278 463 277 463 276 464 274 465 272 466 271 467 270 468 268 468 268 470 266 470 265 471 264 472 264 473 264 474 264 476 263 477 262 478 262 479 262 480 262 481 262 482 262 483 262 484 262 486 262 489 262 491 262 493 262 495 262 497 262 500 263 502 263 504 263 509 264 510 264 514 265 515 265 518 266 519 266 523 267 523 267 528 268 529 268 531 268 535 270 536 270 541 271 543 272 545 272 548 273 549 273 551 273 555 274 556 274 559 275 560 275 562 275 565 276 567 277 568 277 573 279 573 279 575 279 577 279 581 280 582 280 585 282 586 283 587 284 588 284 591 285 593 286 594 286 595 286 598 287 600 288 604 289 607 290 608 290 609 290 610 290 611 290 612 290 613 290 614 290 615 290 615 290 616 289 617 288 618 288 619 287 619 286 619 285 619 284 619 283 619 282 619 281 619 280 619 279 619 278 619 278 619 277 619 276 619 275 619 274 620 272 620 271 620 270 620 269
162 16776960 4 45 845 178 493 178 491 178 487 181 486 185 485 187 483 188 479 188 477 190 470 190 468 191 462 192 457 193 453 195 450 196 446 197 443 198 439 199 436 200 432 201 430 203 428 204 426 204 424 205 420 206 418 206 417 207 414 208 412 209 410 210 407 211 406 212 404 213 404 214 402 215 399 216 398 217 398 218 397 220 396 221 395 223 394 225 393 226 392 227 392 229 391 230 390 232 389 234 388 235 387 237 386 239 385 240 384 241 383 243 382 244 382 246 381 248 380 250 379 252 378 253 378 254 378 257 377 259 375 262 374 263 374 266 373 268 373 271 372 273 372 277 372 282 371 284 371 286 371 289 370 293 369 294 369 297 369 300 369 302 369 306 369 309 369 312 369 316 369 319 369 323 369 325 369 328 369 330 369 334 369 337 369 340 369 344 369 347 369 351 369 354 369 358 369 362 370 364 370 368 370 371 370 375 370 380 370 384 370 388 370 391 370 396 370 399 370 404 370 408 370 411 370 414 370 419 370 423 370 426 370 429 370 433 370 435 370 438 370 442 370 445 370 449 370 452 370 455 370 457 370 461 370 463 370 466 369 467 369 470 369 472 369 475 369 477 369 479 369 482 367 483 367 485 367 487 367 489 367 490 367 492 367 494 367 495 367 497 367 500 366 502 366 503 366 504 366 505 365 506 365 507 365 508 365 509 364 510 364 511 363 511 362 512 362 513 362 514 362 515 362 516 362 517 362 518 362
126 16776960 4 48 815 441 357 440 358 440 360 440 361 439 364 439 365 438 369 438 370 437 374 437 376 434 381 433 385 432 388 429 392 427 396 426 398 423 400 422 404 421 406 420 411 420 412 420 413 419 417 418 418 416 419 415 421 413 422 410 423 410 424 407 426 405 427 402 428 400 430 396 431 393 432 389 433 387 434 385 434 380 435 376 435 370 437 363 438 358 439 353 441 350 441 345 441 338 441 332 441 327 441 321 441 314 442 310 442 307 442 304 442 300 442 295 442 292 442 288 442 284 442 279 442 275 442 269 443 265 444 262 446 260 446 256 447 255 447 252 448 251 448 249 448 247 448 244 449 240 450 238 451 236 452 235 452 232 453 230 455 229 455 228 456 227 457 225 458 224 459 223 459 221 460 220 461 219 462 218 463 218 464 218 465 217 467 216 468 215 469 214 469 214 470 214 471 214 472 214 473 213 474 212 475 211 476 210 477 209 478 210 481 211 483 211 484 211 485 211 486 212 489 212 490 212 491 216 494 217 495 217 496 217 496 216 496 214 495 213 495 212 495 211 495 210 495 209 495 207 494 206 494 205 493 203 492
103 16776960 4 51 820 451 360 451 360 451 361 451 362 451 363 451 364 451 365 451 366 451 369 451 371 451 374 451 377 451 380 450 383 449 387 448 389 448 391 447 395 447 396 447 398 446 402 446 403 445 406 444 409 442 411 441 413 440 415 439 419 437 421 436 423 432 426 429 428 426 430 423 433 420 435 417 437 415 438 411 440 408 441 404 443 400 444 397 446 393 447 390 447 385 448 383 448 376 449 373 450 368 452 363 453 360 453 351 454 348 454 345 454 338 456 333 457 326 458 321 459 318 459 313 459 310 459 305 461 301 462 296 463 293 464 291 464 286 465 284 465 279 467 277 467 273 467 270 468 266 469 265 469 263 470 263 470 261 470 260 470 258 471 257 471 255 471 253 472 252 472 251 472 250 473 249 474 248 474 246 475 245 475 244 475 242 476 241 476 239 477 238 478 238 479 238 480 237 482 237 483 237 483 236 485 236 486 236 487 235 489
118 16776960 4 54 840 504 359 505 360 505 362 505 364 505 365 505 367 504 370 504 371 504 374 502 378 500 381 498 384 497 387 494 389 493 390 489 392 484 395 479 396 475 399 470 401 465 404 459 407 455 408 450 409 444 412 439 414 434 416 430 418 427 419 422 420 417 422 414 424 408 427 403 428 399 429 394 430 389 431 384 433 379 434 375 436 372 438 367 439 363 440 360 442 356 443 353 445 350 446 347 448 343 449 340 450 336 452 333 453 331 453 327 454 325 455 323 456 319 457 317 458 315 460 313 461 311 462 308 463 306 465 304 466 302 467 301 467 298 468 297 468 295 469 291 471 290 471 289 471 286 472 285 473 283 474 281 475 280 476 279 477 277 478 277 478 275 479 277 483 278 484 278 485 278 486 278 487 277 487 275 488 275 487 274 488 273 488 272 489 271 490 270 491 269 492 267 493 267 493 266 493 264 493 263 493 262 493 261 493 260 493 259 493 258 493 257 493 256 493 256 493 254 492 253 491 254 490 254 489 255 489 256 488 257 488 258 488 259 487 260 487
144 255 4 96 159 62 217 62 218 62 218 62 220 62 222 62 223 62 225 62 227 63 230 63 230 63 232 63 236 63 239 63 243 62 248 62 250 60 256 60 260 59 265 59 268 58 275 58 277 58 280 57 287 57 290 55 295 54 298 54 300 53 305 52 309 52 310 52 312 51 315 49 319 48 322 48 323 47 327 46 330 45 333 44 335 43 339 41 344 44 351 46 356 46 358 46 363 46 368 44 372 44 374 43 378 43 380 43 383 43 387 43 389 43 391 43 393 43 395 43 397 43 401 43 403 43 405 43 407 43 408 43 409 43 409 43 410 43 411 43 412 43 413 43 414 43 415 43 417 43 418 43 419 43 421 43 421 43 422 43 423 43 424 43 425 44 426 46 427 47 428 48 429 48 430 48 432 48 434 48 435 48 437 48 439 48 441 47 443 47 445 47 447 47 448 47 450 47 451 47 452 47 453 47 454 47 455 47 456 47 457 47 459 47 460 46 462 46 464 46 465 45 467 44 468 44 469 44 470 44 471 43 473 43 474 43 474 43 475 42 477 42 478 42 479 42 480 42 481 41 483 41 484 40 486 40 487 39 488 39 489 39 490 39 491 38 491 38 492 39 494 39 495 38 496 38 497 38 498 38 499 38 500 38 501 38 502 38 503 38 503 38 504
55 0 4 95 226 116 506 116 505 116 504 116 503 116 501 116 500 116 498 116 496 117 493 118 490 119 487 121 482 123 478 124 475 125 470 126 468 126 467 126 465 128 461 129 460 129 460 130 458 131 457 132 456 133 454 134 452 135 451 136 447 137 447 138 445 139 444 140 442 141 439 142 437 143 435 146 434 147 434 147 434 148 434 150 432 151 431 152 431 153 431 154 431 155 431 156 431 157 432 157 433 157 434 157 435 157 436 156 437 155 437 154 437 153 438
43 0 4 254 852 531 385 531 386 531 387 531 389 531 391 531 393 531 395 531 396 531 398 531 400 530 404 529 405 529 406 529 407 529 408 528 410 528 410 528 411 528 412 528 413 528 414 528 415 527 417 527 418 527 419 527 420 526 422 526 423 526 424 526 424 526 425 525 427 524 428 524 429 524 430 524 431 523 433 523 434 523 435 522 437 521 438 520 439 519 440
45 255 4 188 494 441 216 441 217 441 218 441 219 441 220 441 221 441 222 441 223 441 223 441 224 441 225 441 226 441 227 441 228 441 229 441 231 441 232 441 233 441 234 441 236 441 236 441 237 441 238 441 239 441 240 441 241 441 242 441 243 441 244 441 245 441 246 441 246 441 247 441 248 441 249 441 250 441 251 441 252 441 253 441 254 441 255 441 256 440 256 440 257 441 259
1 7047 433 306
